I
1130 Generated by WorldEditor 2.2.0r2

1    109 1 0 CYFB Iqaluit
1302 city Iqaluit
1302 country Canada
1302 datum_lat 63.756572222
1302 datum_lon -68.556119444
1302 faa_code 
1302 gui_label 3D
1302 iata_code YFB
1302 icao_code CYFB
1302 region_code CY
1302 state Nunavut
1302 transition_alt 18000
1302 transition_level 18000
100 60.96 1 0 0.00 0 3 0 16  63.76498910 -068.57471386    0   64 3 0 0 1 34  63.74814142 -068.53740269    0   55 3 0 0 0
110 2 0.00 0.0000 conrete_terminal
111  63.75769364 -068.54547637
111  63.75749079 -068.54589619
111  63.75663948 -068.54399188
111  63.75687129 -068.54352046
111  63.75684254 -068.54345114
111  63.75686751 -068.54339786
111  63.75682744 -068.54330856
111  63.75685337 -068.54324059
111  63.75690759 -068.54333522
111  63.75692409 -068.54329523
111  63.75674552 -068.54290206
111  63.75677027 -068.54284742
112  63.75693644 -068.54322036  63.75697816 -068.54331632
112  63.75699775 -068.54343736  63.75701118 -068.54351573
111  63.75706423 -068.54362768
111  63.75757154 -068.54474123
111  63.75767361 -068.54451262
111  63.75770160 -068.54456926
111  63.75759812 -068.54480712
112  63.75795138 -068.54557889  63.75799345 -068.54567076
111  63.75795545 -068.54577005
113  63.75788711 -068.54592992
110 2 0.00 0.0000 concrete_hangar
111  63.75436617 -068.53912201
111  63.75432738 -068.53920969
111  63.75427155 -068.53908339
111  63.75419868 -068.53924808
111  63.75406005 -068.53893447
111  63.75413634 -068.53876203
111  63.75407318 -068.53861916
113  63.75410855 -068.53853922
110 1 0.00 0.0000 Apron 4
111  63.75367567 -068.55050574
111  63.75348859 -068.55062166
111  63.75316508 -068.55321964
112  63.75310181 -068.55344855  63.75304889 -068.55358901
111  63.75256757 -068.55471665
112  63.75249367 -068.55475127  63.75243309 -068.55474826
111  63.75160569 -068.55476960
111  63.75123697 -068.55561924
111  63.75091431 -068.55489165
111  63.75099484 -068.55471218
112  63.75098104 -068.55431422  63.75088785 -068.55412435
111  63.74987888 -068.55191876
111  63.75041723 -068.55066822
112  63.75041483 -068.55050566  63.75039007 -068.55043702
111  63.75026867 -068.55016052
111  63.75030414 -068.55006298
111  63.75102522 -068.55164879
111  63.75096369 -068.55177640
111  63.75212461 -068.55430270
112  63.75226443 -068.55442661  63.75235564 -068.55443113
112  63.75246296 -068.55441129  63.75246584 -068.55441129
112  63.75256171 -068.55428123  63.75260389 -068.55417719
111  63.75298826 -068.55325541
112  63.75304923 -068.55299009  63.75307569 -068.55282101
111  63.75338169 -068.55040055
113  63.75330255 -068.54968683
110 1 0.00 0.0000 Taxiway G
111  63.75441139 -068.55042779
112  63.75481173 -068.54984715  63.75511405 -068.54926964
112  63.75553390 -068.54806950  63.75564415 -068.54772047
111  63.75556170 -068.54745165
111  63.75548501 -068.54713947
111  63.75557416 -068.54697688
111  63.75638960 -068.54874524
111  63.75632665 -068.54894379
112  63.75611051 -068.54861614  63.75605299 -068.54852725
112  63.75587155 -068.54883432  63.75576884 -068.54900290
112  63.75519432 -068.55031586  63.75497963 -068.55082380
113  63.75485612 -068.55142249
110 2 0.00 0.0000 New Taxiway 3
111  63.75156146 -068.54395361
111  63.75153374 -068.54401843
111  63.75150558 -068.54395686
113  63.75153330 -068.54389204
110 2 0.00 0.0000 New Taxiway 3
111  63.75113743 -068.54492221
111  63.75110971 -068.54498703
111  63.75108155 -068.54492546
113  63.75110927 -068.54486064
110 2 0.00 0.0000 New Taxiway 3
111  63.75181065 -068.54338358
111  63.75176447 -068.54349159
111  63.75173631 -068.54343002
113  63.75178249 -068.54332201
110 2 0.00 0.0000 New Taxiway 3
111  63.75090495 -068.54545838
111  63.75085876 -068.54556639
111  63.75083060 -068.54550482
113  63.75087679 -068.54539682
110 2 0.00 0.0000 New Taxiway 3
111  63.76171379 -068.56645736
111  63.76168607 -068.56652221
111  63.76165791 -068.56646062
113  63.76168563 -068.56639577
110 2 0.00 0.0000 New Taxiway 3
111  63.76128977 -068.56742631
111  63.76126205 -068.56749116
111  63.76123389 -068.56742957
113  63.76126161 -068.56736473
110 2 0.00 0.0000 New Taxiway 3
111  63.76196299 -068.56588713
111  63.76191680 -068.56599518
111  63.76188864 -068.56593359
113  63.76193483 -068.56582554
110 2 0.00 0.0000 New Taxiway 3
111  63.76105728 -068.56796268
111  63.76101109 -068.56807072
111  63.76098293 -068.56800913
113  63.76102912 -068.56790109
110 1 0.00 0.0000 turn pad 16
111  63.76458594 -068.57463767 3
111  63.76418422 -068.57463142 3
111  63.76369277 -068.57354472 3
113  63.76369139 -068.57264850
110 1 0.00 0.0000 main apron
111  63.75809612 -068.55859135
111  63.75816370 -068.55704034
112  63.75769883 -068.55252631  63.75763919 -068.55202460
112  63.75748075 -068.55135041  63.75746633 -068.55128015
111  63.75743803 -068.55117977
111  63.75680915 -068.54967202
111  63.75554355 -068.54692053 102
112  63.75265593 -068.54040172  63.75241547 -068.53982698 102
112  63.75168667 -068.53909878  63.75138133 -068.53883450 102
112  63.75088724 -068.53881923  63.75075604 -068.53880575 102
112  63.75058607 -068.53921766  63.75053968 -068.53937872 102
111  63.75038402 -068.54046782 102
111  63.75032692 -068.54139994
111  63.74987136 -068.54039994 102
111  63.75017120 -068.54024638 102
112  63.75048023 -068.53854042  63.75055975 -068.53806851 102
111  63.75040469 -068.53763706 102
112  63.74975648 -068.53606101  63.74962051 -068.53572664 102
112  63.74926269 -068.53522509  63.74905993 -068.53507948
111  63.74888128 -068.53529374
111  63.74838302 -068.53645226 102
111  63.74837197 -068.53704524
111  63.74805603 -068.53635905 102
111  63.74812860 -068.53631089 102
112  63.74890473 -068.53457849  63.74901009 -068.53434929 102
111  63.74894250 -068.53406166
111  63.74864938 -068.53308714
112  63.74882975 -068.53282848  63.74889590 -068.53273745
111  63.74898214 -068.53284385
112  63.74995937 -068.53369258  63.75003889 -068.53377123
111  63.75012503 -068.53375250
111  63.75070444 -068.53340138
111  63.75074861 -068.53368229
111  63.75095707 -068.53360738
111  63.75103731 -068.53433818
111  63.75122162 -068.53415578
112  63.75149542 -068.53539910  63.75154373 -068.53559418
111  63.75152498 -068.53588060
111  63.75138368 -068.53732783
111  63.75199773 -068.53771746
111  63.75198167 -068.53786630
111  63.75226803 -068.53804438
111  63.75228344 -068.53790688
112  63.75267270 -068.53816671  63.75273942 -068.53820833
111  63.75274107 -068.53814181
111  63.75295904 -068.53643623
112  63.75396177 -068.53702105  63.75413903 -068.53711095
111  63.75421854 -068.53751176
111  63.75432953 -068.53796127
111  63.75438361 -068.53784819
111  63.75498842 -068.53922597
111  63.75571585 -068.53751468
111  63.75612727 -068.53839967
111  63.75581459 -068.53911484
112  63.75578284 -068.53894314  63.75574280 -068.53889007
111  63.75566964 -068.53891816
111  63.75535913 -068.53967354
112  63.75656506 -068.54229308  63.75665953 -068.54251317
111  63.75670800 -068.54276776
112  63.75683997 -068.54249400  63.75688119 -068.54239861
111  63.75685435 -068.54231622
111  63.75681718 -068.54221477
111  63.75686688 -068.54205294
111  63.75761916 -068.54374209
112  63.75779144 -068.54403805  63.75787096 -068.54420289
112  63.75798195 -068.54445765  63.75803993 -068.54458878
112  63.75811278 -068.54471436  63.75817076 -068.54479865
112  63.75821087 -068.54501749  63.75821501 -068.54510803
111  63.75826057 -068.54504247
111  63.75831910 -068.54517207
112  63.75846680 -068.54546509  63.75853123 -068.54558477
111  63.75861520 -068.54557718
111  63.75952167 -068.54539285
111  63.75953559 -068.54563562
112  63.75858615 -068.54579803  63.75841935 -068.54580324
111  63.75840409 -068.54567237
112  63.75829480 -068.54579812  63.75824399 -068.54590219
111  63.75826171 -068.54601827
111  63.75832333 -068.54618012
111  63.75817225 -068.54651729
111  63.75836229 -068.54699288
111  63.75840370 -068.54712036
111  63.75918867 -068.54698125
111  63.75922302 -068.54714929
111  63.75926366 -068.54825886
111  63.75810189 -068.54976344
112  63.75808256 -068.55009196  63.75813502 -068.55031805
111  63.75821053 -068.55018214
112  63.75875990 -068.54945316  63.75908432 -068.54899459
112  63.75923988 -068.54898897  63.75942976 -068.54888863
112  63.76001046 -068.54878913  63.76021554 -068.54875361
111  63.76050286 -068.54897811
111  63.76116456 -068.54952483
111  63.76110543 -068.54993140
112  63.76028048 -068.54930383  63.76011501 -068.54920618
111  63.75993713 -068.54926785
112  63.75928300 -068.54942931  63.75914035 -068.54949405
111  63.75903055 -068.54960503
112  63.75810693 -068.55093780  63.75805226 -068.55104644
111  63.75791652 -068.55144917
111  63.75789671 -068.55203991
113  63.75871513 -068.55996389
110 5 0.25 0.0000 gravel base
111  63.74758172 -068.53665915
112  63.74756905 -068.53691217  63.74758383 -068.53700765
112  63.74767463 -068.53682147  63.74771476 -068.53675940
112  63.74791537 -068.53623426  63.74795549 -068.53613878
112  63.74799350 -068.53607195  63.74799772 -068.53606717
112  63.74804629 -068.53609582  63.74809064 -068.53611969
112  63.74815821 -068.53591918  63.74823001 -068.53580460
112  63.74851064 -068.53511827  63.74852824 -068.53507517
112  63.74850331 -068.53494587  63.74850331 -068.53487956
112  63.74853851 -068.53488951  63.74857077 -068.53488951
112  63.74859423 -068.53492598  63.74861770 -068.53494587
112  63.74880394 -068.53448171  63.74884500 -068.53435904
112  63.74880247 -068.53409713  63.74876434 -068.53393467
112  63.74863819 -068.53335464  63.74860458 -068.53319117
111  63.74864944 -068.53308582
111  63.75103876 -068.53772460
111  63.75855205 -068.54913614
112  63.75855627 -068.54926986  63.75854571 -068.54934628
112  63.75840212 -068.54954686  63.75831765 -068.54973312
111  63.75836199 -068.54969014
112  63.75865763 -068.54934628  63.75875688 -068.54918867
112  63.75932493 -068.54862990  63.75949598 -068.54851528
111  63.75969300 -068.54854783
112  63.76004354 -068.54861470  63.76039197 -068.54868156
112  63.76046800 -068.54880096  63.76053768 -068.54884395
112  63.76064116 -068.54882484  63.76067072 -068.54881529
112  63.76072774 -068.54879619  63.76075308 -068.54878186
112  63.76083966 -068.54879619  63.76088189 -068.54879619
112  63.76095369 -068.54863380  63.76098325 -068.54856216
112  63.76106139 -068.54849052  63.76108884 -068.54849052
112  63.76117964 -068.54876275  63.76120709 -068.54889171
112  63.76121554 -068.54924514  63.76121976 -068.54936454
112  63.76130038 -068.54950241  63.76135318 -068.54961226
112  63.76129616 -068.54984151  63.76126660 -068.55000867
112  63.76126660 -068.55018538  63.76123070 -068.55036687
111  63.76113989 -068.55016628
112  63.76027234 -068.54948320  63.76003667 -068.54930554
112  63.75964643 -068.54950612  63.75956534 -068.54955197
112  63.75933221 -068.55000472  63.75924352 -068.55012507
112  63.75902883 -068.55039125  63.75896194 -068.55046002
112  63.75884534 -068.55059767  63.75882845 -068.55058334
112  63.75881156 -068.55051648  63.75879255 -068.55046395
112  63.75877777 -068.55054991  63.75876721 -068.55057857
112  63.75872075 -068.55065498  63.75869963 -068.55067408
112  63.75865740 -068.55070274  63.75864051 -068.55075049
112  63.75862784 -068.55082690  63.75861939 -068.55088421
112  63.75856871 -068.55098928  63.75852225 -068.55106569
112  63.75846312 -068.55111822  63.75841244 -068.55117075
112  63.75836387 -068.55129492  63.75833642 -068.55134746
112  63.75831742 -068.55125672  63.75830686 -068.55121851
112  63.75832797 -068.55106091  63.75832375 -068.55101793
112  63.75824351 -068.55100360  63.75819916 -068.55103703
112  63.75800249 -068.55157779  63.75794970 -068.55175290
112  63.75799984 -068.55193929  63.75801206 -068.55206089
112  63.75804628 -068.55200562  63.75806339 -068.55202497
112  63.75808539 -068.55209129  63.75809028 -068.55211064
112  63.75806828 -068.55223777  63.75805117 -068.55226265
112  63.75799496 -068.55236490  63.75796440 -068.55245887
112  63.75812348 -068.55353444  63.75817518 -068.55398831
112  63.75832301 -068.55550134  63.75832887 -068.55557762
112  63.75834354 -068.55563068  63.75835234 -068.55566053
112  63.75838900 -068.55603530  63.75839340 -068.55616464
112  63.75842566 -068.55664885  63.75843739 -068.55671850
112  63.75847328 -068.55657405  63.75848941 -068.55664038
111  63.75858003 -068.55698402
112  63.75851468 -068.55701665  63.75848328 -068.55703008
111  63.75849706 -068.55714194
112  63.75868923 -068.55897584  63.75872724 -068.55923374
111  63.75882975 -068.55923419
111  63.75885087 -068.55965208
112  63.75877520 -068.55964412  63.75873649 -068.55964412
112  63.75875936 -068.55983117  63.75875936 -068.55990281
111  63.75888255 -068.56018936
112  63.76019188 -068.56311788  63.76023001 -068.56319085
112  63.76136201 -068.56570599  63.76143289 -068.56585801
112  63.76151943 -068.56580153  63.76157515 -068.56588777
111  63.76161035 -068.56573851
111  63.76181418 -068.56623273
112  63.76174688 -068.56646160  63.76174688 -068.56649809
112  63.76198738 -068.56710178  63.76209883 -068.56734723
112  63.76336948 -068.57007203  63.76353369 -068.57042282
112  63.76469096 -068.57304774  63.76476551 -068.57321084
112  63.76564110 -068.57509929  63.76566799 -068.57514629
111  63.76563010 -068.57521817
112  63.76540188 -068.57571952  63.76530208 -068.57594990
112  63.76530976 -068.57612618  63.76529958 -068.57620451
112  63.76538920 -068.57651321  63.76540956 -068.57662148
112  63.76566043 -068.57764552  63.76570442 -068.57782797
112  63.76572935 -068.57822606  63.76572055 -068.57835875
112  63.76580708 -068.57848481  63.76584667 -068.57855448
112  63.76586427 -068.57879001  63.76585254 -068.57892270
112  63.76573815 -068.57890612  63.76569269 -068.57886631
111  63.76568683 -068.57878337
112  63.76567070 -068.57824928  63.76565310 -068.57807678
112  63.76547566 -068.57721094  63.76541700 -068.57696546
112  63.76526954 -068.57647214  63.76526368 -068.57645887
112  63.76520648 -068.57635604  63.76518155 -068.57631623
112  63.76514343 -068.57617690  63.76512583 -068.57609397
112  63.76512027 -068.57600312  63.76510072 -068.57594784
112  63.76478504 -068.57529110  63.76475619 -068.57520855
112  63.76461269 -068.57488421  63.76457603 -068.57479898
112  63.76451391 -068.57474369  63.76447318 -068.57468379
112  63.76423288 -068.57474362  63.76418155 -068.57474639
111  63.76416078 -068.57468005
112  63.76413267 -068.57461370  63.76411312 -068.57456394
112  63.76365676 -068.57360555  63.76363979 -068.57357867
112  63.76364403 -068.57351725  63.76364742 -068.57349037
112  63.76364385 -068.57316176  63.76364385 -068.57309808
112  63.76364561 -068.57285925  63.76364209 -068.57271197
111  63.76357698 -068.57257663
112  63.76235014 -068.56983984  63.76226145 -068.56964878
112  63.76202928 -068.56937267  63.76198705 -068.56926281
112  63.76162595 -068.56854637  63.76157949 -068.56844606
112  63.76115183 -068.56746615  63.76112226 -068.56739451
112  63.76107369 -068.56723212  63.76106525 -068.56721301
112  63.76102724 -068.56700286  63.76101457 -068.56695033
112  63.76074427 -068.56634376  63.76064502 -068.56615271
112  63.75953421 -068.56370641  63.75938825 -068.56340107
112  63.75844562 -068.56125106  63.75840254 -068.56118229
112  63.75792360 -068.56005334  63.75779690 -068.55974962
112  63.75735064 -068.55891824  63.75728223 -068.55884374
112  63.75720620 -068.55896981  63.75716313 -068.55900420
112  63.75709213 -068.55878325  63.75703521 -068.55861492
112  63.75670679 -068.55765443  63.75662360 -068.55739698
112  63.75618133 -068.55633746  63.75604559 -068.55600079
112  63.75528527 -068.55429323  63.75523206 -068.55417863
112  63.75476326 -068.55322172  63.75465176 -068.55300398
112  63.75425391 -068.55207000  63.75419563 -068.55188664
112  63.75395997 -068.55151992  63.75390422 -068.55142251
112  63.75366666 -068.55092435  63.75363440 -068.55083482
112  63.75358161 -068.55075856  63.75355961 -068.55075856
112  63.75351268 -068.55084808  63.75348775 -068.55089451
111  63.75343789 -068.55093098
111  63.75324725 -068.55147147
112  63.75323845 -068.55125262  63.75323845 -068.55115978
112  63.75331882 -068.55062248  63.75334522 -068.55043148
112  63.75331002 -068.55012112  63.75329242 -068.54991023
112  63.75323980 -068.54984822  63.75323675 -068.54983901
112  63.75316648 -068.54965940  63.75315629 -068.54961795
112  63.75311760 -068.54943604  63.75309926 -068.54935544
112  63.75304835 -068.54935544  63.75302085 -068.54931169
111  63.75072450 -068.54418048
112  63.74814721 -068.53838569  63.74809588 -068.53827960
112  63.74793750 -068.53802432  63.74790817 -068.53799449
112  63.74755309 -068.53728360  63.74746862 -068.53708866
113  63.74751614 -068.53682212
112  63.75717543 -068.55076898  63.75708252 -068.55052543
112  63.75664175 -068.54951182  63.75648411 -068.54920507
111  63.75632648 -068.54894513
111  63.75605540 -068.54846927
111  63.75542822 -068.54963920
111  63.75521072 -068.55027430
112  63.75519593 -068.55046531  63.75519593 -068.55052262
112  63.75522476 -068.55066053  63.75523206 -068.55072655
112  63.75524301 -068.55095759  63.75524301 -068.55102360
112  63.75520287 -068.55118038  63.75520287 -068.55124640
112  63.75523571 -068.55154345  63.75525395 -068.55169198
112  63.75533058 -068.55178275  63.75537072 -068.55188177
112  63.75544005 -068.55215407  63.75547289 -068.55224484
112  63.75552033 -068.55240162  63.75554223 -068.55245113
112  63.75562980 -068.55273993  63.75566994 -068.55286371
112  63.75573198 -068.55269042  63.75577576 -068.55261616
112  63.75587794 -068.55243463  63.75591443 -068.55236861
112  63.75599106 -068.55253364  63.75600930 -068.55259966
112  63.75596916 -068.55269042  63.75595457 -068.55269042
112  63.75592902 -068.55304524  63.75592902 -068.55314426
112  63.75598011 -068.55344132  63.75603120 -068.55354034
112  63.75665964 -068.55498324  63.75672045 -068.55518954
111  63.75679648 -068.55513796
111  63.75707522 -068.55471963
111  63.75792919 -068.55656487
111  63.75798318 -068.55659275
111  63.75800078 -068.55651713
111  63.75791631 -068.55623457
111  63.75783536 -068.55612712
112  63.75790575 -068.55603161  63.75796558 -068.55594804
111  63.75794095 -068.55572517
112  63.75766536 -068.55294762  63.75759187 -068.55225422
113  63.75743476 -068.55153217
111  63.75574685 -068.54789021
111  63.75548838 -068.54713384
112  63.75543364 -068.54692756  63.75539715 -068.54674879
112  63.75469775 -068.54509167  63.75457916 -068.54480975
111  63.75309377 -068.54160381
112  63.75230887 -068.54014288  63.75221005 -068.53999392
112  63.75216950 -068.54003402  63.75213909 -068.53997100
112  63.75209855 -068.53979339  63.75201492 -068.53967307
112  63.75120426 -068.53908001  63.75098077 -068.53892483
112  63.75082347 -068.53907804  63.75080311 -068.53907804
112  63.75079700 -068.53904811  63.75078783 -068.53902968
111  63.75076441 -068.53906422
112  63.75062006 -068.53958377  63.75050857 -068.54000774
112  63.75040315 -068.54108813  63.75039471 -068.54128866
111  63.75042638 -068.54140324
112  63.75079171 -068.54219580  63.75090574 -068.54243929
112  63.75122803 -068.54319965  63.75131249 -068.54340257
112  63.75145542 -068.54363809  63.75149921 -068.54372059
112  63.75160138 -068.54384434  63.75165976 -068.54392685
112  63.75161233 -068.54405885  63.75160138 -068.54417435
112  63.75181667 -068.54450436  63.75188600 -068.54467762
112  63.75240052 -068.54570889  63.75248444 -068.54586565
111  63.75267784 -068.54643491
112  63.75407336 -068.54955817  63.75412175 -068.54967755
112  63.75427866 -068.54994947  63.75432559 -068.54999921
112  63.75437545 -068.54982346  63.75440038 -068.54977372
112  63.75442531 -068.54922325  63.75443997 -068.54903755
112  63.75451330 -068.54914367  63.75454702 -068.54915030
112  63.75460275 -068.54929289  63.75463208 -068.54935589
112  63.75477726 -068.54964108  63.75482419 -068.54973393
112  63.75486057 -068.54962561  63.75488772 -068.54961985
112  63.75488772 -068.54956228  63.75489791 -068.54953541
112  63.75496495 -068.54926866  63.75499890 -068.54917655
111  63.75500908 -068.54921877
111  63.75504812 -068.54925331
113  63.75515722 -068.54911158
112  63.75018296 -068.53949270  63.75018549 -068.53942969
112  63.75024885 -068.53910313  63.75027165 -068.53905157
112  63.75033247 -068.53898282  63.75035021 -068.53893699
112  63.75041356 -068.53868491  63.75043130 -068.53858752
112  63.75042116 -068.53823804  63.75041102 -068.53808909
112  63.75034007 -068.53787711  63.75030206 -068.53775680
112  63.75023871 -068.53763076  63.75021337 -068.53758493
112  63.75011708 -068.53740160  63.75009174 -068.53733858
112  63.75005119 -068.53718390  63.75002332 -068.53710369
112  63.74989661 -068.53683443  63.74982566 -068.53667974
112  63.74942404 -068.53559369  63.74938856 -068.53554213
112  63.74926440 -068.53536454  63.74922132 -068.53531298
112  63.74912249 -068.53536454  63.74907434 -068.53536454
112  63.74897298 -068.53542183  63.74892737 -068.53545620
111  63.74856869 -068.53624857
112  63.74847788 -068.53646818  63.74846521 -068.53651592
112  63.74846099 -068.53674030  63.74846099 -068.53685965
112  63.74849689 -068.53711745  63.74852434 -068.53726068
112  63.74894246 -068.53808182  63.74903326 -068.53827278
112  63.74957762 -068.53951519  63.74964361 -068.53968097
112  63.74970667 -068.53973733  63.74974773 -068.53980696
112  63.74985332 -068.54004899  63.74989585 -068.54013188
112  63.74996477 -068.54014846  63.75002196 -068.54019156
112  63.75007035 -068.54013188  63.75010702 -068.54009541
114  63.75015688 -068.53990974  63.75019647 -068.53985006
110 2 0.00 0.0000 ils 16
111  63.76582389 -068.57852240
112  63.76590609 -068.57833467  63.76596440 -068.57821665
112  63.76613483 -068.57797294  63.76615324 -068.57794054
112  63.76613381 -068.57789657  63.76611642 -068.57784797
111  63.76613279 -068.57778781
112  63.76635477 -068.57729257  63.76638443 -068.57722546
112  63.76644581 -068.57726480  63.76647752 -068.57732728
111  63.76644581 -068.57742679
112  63.76638239 -068.57762813  63.76633431 -068.57776929
112  63.76609817 -068.57816121  63.76604416 -068.57824729
113  63.76584146 -068.57856878
130 Airport Boundary
111  63.76651238 -068.58014902
111  63.76640801 -068.58029297
111  63.76631892 -068.58039086
111  63.76616110 -068.58027570
111  63.76595492 -068.58010871
111  63.76586328 -068.57987263
111  63.76582256 -068.57950411
111  63.76574874 -068.57930258
111  63.76558583 -068.57910680
111  63.76531346 -068.57880738
111  63.76512255 -068.57813944
111  63.76496728 -068.57773637
111  63.76452546 -068.57746918
111  63.76424396 -068.57718065
111  63.76384808 -068.57612602
111  63.76354019 -068.57535993
111  63.76317071 -068.57435505
111  63.76199383 -068.57177144
111  63.76200117 -068.57156418
111  63.76215512 -068.57105846
111  63.76124084 -068.56901101
111  63.76105215 -068.56869445
111  63.76090920 -068.56861984
111  63.76023109 -068.56725201
111  63.76021276 -068.56695358
111  63.75697391 -068.55984513
111  63.75658923 -068.56080266
111  63.75646450 -068.56100988
111  63.75630413 -068.56097535
111  63.75618195 -068.56088325
111  63.75611322 -068.56057241
111  63.75600122 -068.56049182
111  63.75597068 -068.56022128
111  63.75597832 -068.55999103
111  63.75616922 -068.55939238
111  63.75627613 -068.55931179
111  63.75632195 -068.55896066
111  63.75640341 -068.55867285
111  63.75596147 -068.55787781
111  63.75599079 -068.55743852
111  63.75394723 -068.55297671
111  63.75385995 -068.55315514
111  63.75377333 -068.55301125
111  63.75385288 -068.55279141
111  63.75357005 -068.55210391
111  63.75349580 -068.55225180
111  63.75366020 -068.55263152
111  63.75334529 -068.55341845
111  63.75329402 -068.55370224
111  63.75323039 -068.55383014
111  63.75316145 -068.55391807
111  63.75313316 -068.55395804
111  63.75265412 -068.55498128
111  63.75260816 -068.55504923
111  63.75257988 -068.55506522
111  63.75165247 -068.55514758
111  63.75122217 -068.55629519
111  63.75029663 -068.55443053
111  63.75044020 -068.55399544
111  63.74954589 -068.55198456
111  63.75026361 -068.55033205
111  63.75011088 -068.54998100
111  63.75020252 -068.54971051
111  63.75024579 -068.54967598
111  63.75026361 -068.54936521
111  63.75039343 -068.54911775
111  63.75121185 -068.54678349
111  63.75061334 -068.54538685
111  63.75026716 -068.54475380
111  63.74995152 -068.54444309
111  63.74961552 -068.54430497
111  63.74932025 -068.54432799
111  63.74925934 -068.54444757
111  63.74774643 -068.54106773
111  63.74751601 -068.54046355
111  63.74745874 -068.54028612
111  63.74715501 -068.53847596
111  63.74697174 -068.53769912
111  63.74697429 -068.53751498
111  63.74700229 -068.53740564
111  63.74725524 -068.53624463
111  63.74763451 -068.53508223
111  63.74786870 -068.53450678
111  63.74845137 -068.53315607
111  63.74890446 -068.53260938
111  63.74960813 -068.53327849
111  63.75029463 -068.53328116
111  63.75079679 -068.53291655
111  63.75110218 -068.53268489
111  63.75146049 -068.53211748
111  63.75166514 -068.53167549
111  63.75190584 -068.53135098
111  63.75218735 -068.53178854
111  63.75220494 -068.53205705
111  63.75233690 -068.53269350
111  63.75230611 -068.53317085
111  63.75220934 -068.53345924
111  63.75230171 -068.53409570
111  63.75239848 -068.53539844
111  63.75243807 -068.53591556
111  63.75267559 -068.53602495
111  63.75311105 -068.53631334
111  63.75361936 -068.53636773
111  63.75404602 -068.53692467
111  63.75495192 -068.53897610
111  63.75504737 -068.53874426
111  63.75426078 -068.53701747
111  63.75427544 -068.53672738
111  63.75442572 -068.53654504
111  63.75497188 -068.53639586
111  63.75516770 -068.53627183
111  63.75548487 -068.53563949
111  63.75691000 -068.53884752
111  63.75909619 -068.54368135
111  63.75872236 -068.54455677
111  63.75872603 -068.54468940
111  63.75902293 -068.54504584
111  63.75897528 -068.54525308
111  63.75866005 -068.54531939
111  63.75856841 -068.54529453
111  63.75846578 -068.54513703
111  63.75838933 -068.54529266
111  63.75854646 -068.54551753
111  63.75868885 -068.54552309
111  63.75949955 -068.54532165
111  63.75950839 -068.54577340
111  63.75850081 -068.54591733
111  63.75840005 -068.54592532
111  63.75834525 -068.54598129
111  63.75835409 -068.54608923
111  63.75842833 -068.54609723
111  63.75965688 -068.54584936
111  63.76009211 -068.54581321
111  63.76024484 -068.54589956
111  63.76033902 -068.54620468
111  63.76059357 -068.54679764
111  63.76139217 -068.54735439
111  63.76134600 -068.54777458
111  63.76123551 -068.54866776
111  63.76128133 -068.54939317
111  63.76154096 -068.54989981
111  63.76171906 -068.55004352
111  63.76154343 -068.55114891
111  63.76083833 -068.55108558
111  63.76011923 -068.55059621
111  63.75972214 -068.55074128
111  63.75890033 -068.55135159
111  63.75946985 -068.55858668
111  63.76006806 -068.56117307
111  63.76121024 -068.56366734
111  63.76179965 -068.56434382
111  63.76285671 -068.56665464
111  63.76285304 -068.56739249
111  63.76441223 -068.57070212
111  63.76467826 -068.57099438
111  63.76505829 -068.57188834
111  63.76562835 -068.57338400
111  63.76600838 -068.57427796
111  63.76639048 -068.57530440
111  63.76637826 -068.57574663
111  63.76673259 -068.57673473
111  63.76671355 -068.57716398
111  63.76660359 -068.57731323
111  63.76655227 -068.57768636
111  63.76662558 -068.57820044
111  63.76670429 -068.57876326
111  63.76677393 -068.57905347
111  63.76677760 -068.57941001
111  63.76668962 -068.57980801
113  63.76661632 -068.58001530
120 Linear Feature 91
111  63.75600470 -068.54306050 1
115  63.75517292 -068.54118835
120 Linear Feature 90
111  63.75580310 -068.54274168 1
115  63.75591794 -068.54247068
120 Linear Feature 89
111  63.75842352 -068.55833918 1
112  63.75826003 -068.55910348  63.75807366 -068.55929705 1
111  63.75793838 -068.55906914 1
115  63.75757933 -068.55828465
120 Linear Feature 88
111  63.75660065 -068.54477749 24
115  63.75637461 -068.54482919
120 Linear Feature 87
111  63.75637280 -068.54488159 24
115  63.75659208 -068.54482108
120 Linear Feature 86
111  63.75637279 -068.54488155 24
111  63.75614588 -068.54539470 24
111  63.75611825 -068.54533223 24
111  63.75613169 -068.54530185 24
111  63.75614348 -068.54532851 24
111  63.75635406 -068.54485228 24
111  63.75626225 -068.54464466
111  63.75625483 -068.54462787
111  63.75625986 -068.54461649 24
111  63.75626965 -068.54459417 24
115  63.75637474 -068.54482894
120 Linear Feature 85
111  63.75629753 -068.54497868 10
111  63.75624999 -068.54457516 10
111  63.75633346 -068.54437748 10
111  63.75620499 -068.54408353 10
111  63.75611645 -068.54428075 10
111  63.75590251 -068.54416178 10
115  63.75555996 -068.54495192
120 Linear Feature 84
111  63.75658890 -068.54548903 10
111  63.75655711 -068.54526468 10
111  63.75662298 -068.54511332 10
111  63.75650471 -068.54486849 10
111  63.75644114 -068.54501312 10
115  63.75633970 -068.54494732
120 Linear Feature 83
111  63.75684999 -068.54609610 10
111  63.75681999 -068.54584558 10
111  63.75688163 -068.54569833 10
111  63.75676807 -068.54544646 10
111  63.75670181 -068.54558761 10
115  63.75660164 -068.54552836
120 Linear Feature 82
111  63.75662967 -068.54539584 24
111  63.75657650 -068.54527822
111  63.75656174 -068.54531236
111  63.75656754 -068.54532519 24
115  63.75661581 -068.54543198
120 Linear Feature 81
111  63.75707116 -068.54565183 24
111  63.75673213 -068.54643447 24
111  63.75670314 -068.54637023 24
111  63.75671680 -068.54633869 24
111  63.75673124 -068.54637070 24
111  63.75688084 -068.54602536 24
111  63.75683331 -068.54592006
111  63.75682440 -068.54590032
111  63.75684028 -068.54586366 24
111  63.75689526 -068.54598547 24
111  63.75700429 -068.54573378 24
111  63.75675310 -068.54517727 24
111  63.75646419 -068.54584420 24
111  63.75643822 -068.54578665 24
111  63.75645380 -068.54575069 24
111  63.75646570 -068.54577707 24
111  63.75673890 -068.54514639 24
111  63.75659206 -068.54482106
111  63.75660054 -068.54477732 24
111  63.75665485 -068.54465201
111  63.75671283 -068.54478045 24
111  63.75669645 -068.54481825 24
111  63.75665277 -068.54472147 24
111  63.75661365 -068.54481177 24
111  63.75701582 -068.54570278 24
115  63.75705545 -068.54561131
120 Linear Feature 80
111  63.75755525 -068.54835691 24
111  63.75747795 -068.54650293 24
111  63.75746286 -068.54647468 24
111  63.75741502 -068.54658722 24
111  63.75732352 -068.54639118 24
111  63.75737871 -068.54628077 24
111  63.75735652 -068.54623309 24
115  63.75729716 -068.54636106
120 Linear Feature 79
111  63.75802866 -068.54800172 30
111  63.75748346 -068.54679953
111  63.75746389 -068.54675093 30
111  63.75741628 -068.54664852
111  63.75729639 -068.54636141 30
111  63.75721333 -068.54618109 30
112  63.75706090 -068.54602499  63.75699476 -068.54600331 30
115  63.75691327 -068.54602065
120 Linear Feature 78
111  63.75755542 -068.54835681 24
111  63.75752530 -068.54842724 24
111  63.75750829 -068.54837859 24
111  63.75753044 -068.54833139 24
111  63.75745615 -068.54656968 24
111  63.75741620 -068.54664873 24
111  63.75732317 -068.54782477 24
111  63.75729492 -068.54789520 24
111  63.75727928 -068.54786051 24
111  63.75730335 -068.54779807 24
111  63.75739595 -068.54662031 24
111  63.75731051 -068.54642583 24
111  63.75724838 -068.54696659 24
111  63.75705982 -068.54738402 24
111  63.75704762 -068.54735767 24
111  63.75723180 -068.54693485 24
111  63.75729013 -068.54642059 24
111  63.75693363 -068.54664628 24
111  63.75683284 -068.54687107 24
111  63.75681897 -068.54684389 24
111  63.75691698 -068.54661073 24
115  63.75727277 -068.54638977
120 Linear Feature 77
111  63.75363280 -068.53999168 1
112  63.75385030 -068.53974865  63.75395959 -068.53949273 1
115  63.75412658 -068.53910634
120 Linear Feature 76
111  63.75363283 -068.53999171 1
111  63.75448566 -068.54049016 1
112  63.75480202 -068.54032974  63.75494199 -068.54000673 1
115  63.75536116 -068.53904746
120 Linear Feature 75
111  63.75107922 -068.53824956 5
115  63.75102039 -068.53872291
120 Linear Feature 74
111  63.75041438 -068.53764999 5
115  63.75057896 -068.53727225
120 Linear Feature 73
111  63.75056024 -068.53867129 1
111  63.75064279 -068.53819263 1
116  63.75057422 -068.53758753  63.75045705 -068.53729100
120 Linear Feature 72
111  63.74849585 -068.53812410 1
111  63.74817162 -068.53740089 1
112  63.74817258 -068.53652529  63.74836336 -068.53609616 1
111  63.74885836 -068.53500671 1
112  63.74945105 -068.53510128  63.74978121 -068.53582173 1
111  63.75055718 -068.53755032 1
112  63.75079886 -068.53808088  63.75088035 -068.53824561 1
116  63.75100498 -068.53844069  63.75109221 -068.53852956
120 Linear Feature 71
111  63.75043823 -068.53875550 5
115  63.75065668 -068.53894452
120 Linear Feature 70
111  63.75564432 -068.54720172 5
115  63.75582048 -068.54680400
120 Linear Feature 69
111  63.75763553 -068.55199908 5
115  63.75788911 -068.55186783
120 Linear Feature 68
111  63.75797145 -068.55049544 5
115  63.75808780 -068.55096072
120 Linear Feature 67
111  63.75733068 -068.55085016 5
115  63.75749538 -068.55047042
120 Linear Feature 66
111  63.75643468 -068.54816205 5
115  63.75625975 -068.54856896
120 Linear Feature 65
111  63.75716055 -068.54707635 1
111  63.75717065 -068.54704103 1
115  63.75715460 -068.54702820
120 Linear Feature 64
111  63.75658845 -068.54831821 1
111  63.75709608 -068.54714005 1
116  63.75729290 -068.54706271  63.75739886 -068.54718692
120 Linear Feature 63
111  63.75739569 -068.54757757 1
111  63.75740560 -068.54754361 1
115  63.75738996 -068.54753135
120 Linear Feature 62
111  63.75682022 -068.54883346 1
111  63.75732426 -068.54766014 1
112  63.75743415 -068.54753489  63.75748346 -068.54754273 1
115  63.75752045 -068.54757497
120 Linear Feature 61
111  63.75762608 -068.54808879 1
111  63.75763474 -068.54806072 1
115  63.75762210 -068.54804349
120 Linear Feature 60
111  63.75705064 -068.54934376 1
111  63.75755612 -068.54817501 1
112  63.75765266 -068.54805424  63.75770173 -068.54805074 1
115  63.75774460 -068.54808247
120 Linear Feature 59
111  63.75693200 -068.54656113 1
111  63.75694451 -068.54652572 1
115  63.75692914 -068.54650612
120 Linear Feature 45
111  63.75004697 -068.53494537 24
111  63.74974998 -068.53428202 24
112  63.74950705 -068.53393233  63.74938482 -068.53381492 24
112  63.74921511 -068.53372719  63.74911925 -068.53370118 24
111  63.74896394 -068.53367734 24
112  63.74885609 -068.53348503  63.74882780 -068.53328310 24
112  63.74896150 -068.53311502  63.74902918 -068.53310122 24
112  63.74908743 -068.53321913  63.74912682 -068.53327055 24
112  63.74935840 -068.53349684  63.74947343 -068.53361171 24
111  63.74971406 -068.53388048 24
112  63.74982937 -068.53414447  63.74986358 -068.53431172 24
115  63.74995967 -068.53475038
120 Linear Feature 44
111  63.75582631 -068.54319181 22
111  63.75439055 -068.54000145 22
111  63.75256625 -068.53832843 22
111  63.75122568 -068.53749203 22
112  63.75116050 -068.53741154  63.75113368 -068.53735196 22
115  63.75018131 -068.53524171
120 Linear Feature 43
111  63.75667725 -068.54389994 22
115  63.75621549 -068.54286113
120 Linear Feature 42
111  63.75807759 -068.54726038 22
111  63.75815605 -068.54754720 22
112  63.75814403 -068.54785250  63.75808161 -068.54800516 22
111  63.75756908 -068.54919495 22
112  63.75740265 -068.54916634  63.75731943 -068.54898567 22
111  63.75547767 -068.54489920 22
112  63.75548086 -068.54442407  63.75557673 -068.54419463 22
115  63.75620790 -068.54274534
120 Linear Feature 41
111  63.75786385 -068.54637974 24
111  63.75819900 -068.54754578 25
112  63.75817512 -068.54790331  63.75810910 -068.54805889 25
111  63.75759711 -068.54924198 25
112  63.75738078 -068.54923756  63.75727693 -068.54899908 25
111  63.75547359 -068.54498826 24
111  63.75543697 -068.54490751 24
112  63.75543601 -068.54441107  63.75554051 -068.54416176 24
111  63.75580620 -068.54355125 24
112  63.75579225 -068.54322440  63.75570770 -068.54304675 24
111  63.75495182 -068.54135099 25
111  63.75440905 -068.54013834 24
111  63.75437629 -068.54007150 24
111  63.75423249 -068.53994865 24
111  63.75351177 -068.53928099 24
111  63.75255321 -068.53840367 24
111  63.75160031 -068.53780038 25
111  63.75118919 -068.53754772 25
112  63.75113617 -068.53746585  63.75110394 -068.53739483 25
111  63.75047460 -068.53600409 24
111  63.75011442 -068.53521738 24
111  63.74975389 -068.53442891 24
112  63.74943626 -068.53395145  63.74926850 -068.53381598 24
112  63.74917860 -068.53379834  63.74911096 -068.53378586 24
111  63.74896963 -068.53375180 24
112  63.74882660 -068.53353149  63.74880130 -068.53332830 24
112  63.74890582 -068.53306791  63.74899370 -068.53298814 24
112  63.74907122 -068.53310263  63.74912794 -068.53316946 24
112  63.74925995 -068.53331531  63.74937020 -068.53341645 24
111  63.74974136 -068.53381850 24
112  63.74985421 -068.53408196  63.74989482 -068.53426259 24
111  63.75004784 -068.53494603
112  63.75004784 -068.53494603  63.75030021 -068.53550192 24
112  63.75042441 -068.53566996  63.75060874 -068.53595705
111  63.75042441 -068.53566996 24
111  63.75118737 -068.53734384 24
112  63.75126398 -068.53742877  63.75130170 -068.53744884 24
111  63.75209571 -068.53794451 24
111  63.75233959 -068.53809798 24
111  63.75255864 -068.53822614 24
111  63.75441490 -068.53992635 24
111  63.75587401 -068.54317896 24
112  63.75596888 -068.54316140  63.75601493 -068.54305602 24
111  63.75617297 -068.54269023
111  63.75627325 -068.54275518 24
112  63.75628690 -068.54287942  63.75630886 -068.54293518 24
115  63.75670924 -068.54383485
120 Linear Feature 40
111  63.75754556 -068.54614108 24
111  63.75795758 -068.54705092 24
112  63.75803414 -068.54725267  63.75805611 -068.54732645 24
111  63.75812202 -068.54757186 24
112  63.75811003 -068.54782330  63.75805278 -068.54795579 24
111  63.75754271 -068.54913847 24
112  63.75743819 -068.54913095  63.75738560 -068.54902254 24
111  63.75549047 -068.54480295 24
112  63.75549491 -068.54449935  63.75556093 -068.54435382 24
111  63.75611589 -068.54305430 24
112  63.75624571 -068.54306182  63.75630429 -068.54319280 24
115  63.75665566 -068.54400801
120 Linear Feature 39
111  63.74918312 -068.53522336 3 102
111  63.74887826 -068.53528405 3 102
115  63.74838230 -068.53645720
120 Linear Feature 38
111  63.75808965 -068.55096703 3 102
111  63.75790871 -068.55145211 3 102
111  63.75788762 -068.55203316 3 102
115  63.75869493 -068.55977134
120 Linear Feature 37
111  63.75565056 -068.54810406 5
115  63.75586137 -068.54857453
120 Linear Feature 36
111  63.75558054 -068.54703449 19
115  63.75552876 -068.54713172
120 Linear Feature 35
111  63.75564989 -068.54725404 19
115  63.75559534 -068.54733663
120 Linear Feature 34
111  63.75571324 -068.54750657 19
115  63.75565545 -068.54757191
120 Linear Feature 33
111  63.75571170 -068.54778188 19
115  63.75565506 -068.54773048
120 Linear Feature 32
111  63.75563441 -068.54810756 19
115  63.75558496 -068.54803278
120 Linear Feature 31
112  63.75554416 -068.54840433  63.75554352 -068.54840143 19
115  63.75549183 -068.54831285
120 Linear Feature 30
111  63.75537982 -068.54884183 19
115  63.75532627 -068.54873467
120 Linear Feature 29
111  63.75520689 -068.54924958 19
115  63.75516740 -068.54916173
120 Linear Feature 28
111  63.75503225 -068.54964193 19
115  63.75498766 -068.54954109
120 Linear Feature 27
111  63.75485297 -068.55003107 19
115  63.75480610 -068.54993161
120 Linear Feature 26
111  63.75473708 -068.55025662 19
115  63.75469598 -068.55014288
120 Linear Feature 25
111  63.75465478 -068.55039553 19
115  63.75462107 -068.55027053
120 Linear Feature 24
111  63.75457241 -068.55051440 19
115  63.75454169 -068.55039236
120 Linear Feature 23
111  63.75448812 -068.55061536 19
115  63.75445700 -068.55047989
120 Linear Feature 21
111  63.75484367 -068.55133331 19
115  63.75478396 -068.55126434
120 Linear Feature 20
112  63.75488188 -068.55114745  63.75488092 -068.55114527 19
115  63.75482537 -068.55107485
120 Linear Feature 19
111  63.75493199 -068.55096639 19
115  63.75487580 -068.55087805
120 Linear Feature 18
111  63.75498228 -068.55078246 19
115  63.75493359 -068.55068990
120 Linear Feature 17
111  63.75507472 -068.55052536 19
115  63.75502700 -068.55042352
120 Linear Feature 16
111  63.75524104 -068.55011142 19
115  63.75519355 -068.55001462
120 Linear Feature 15
112  63.75540533 -068.54969490  63.75540515 -068.54969406 19
115  63.75536371 -068.54960751
120 Linear Feature 14
111  63.75559157 -068.54932263 19
115  63.75554630 -068.54921445
120 Linear Feature 13
111  63.75576738 -068.54891321 19
115  63.75573340 -068.54883030
120 Linear Feature 12
111  63.75589838 -068.54872874 19
115  63.75585953 -068.54860532
120 Linear Feature 11
111  63.75602679 -068.54856048 19
115  63.75599854 -068.54843197
120 Linear Feature 10
111  63.75612200 -068.54842525 10
115  63.75609375 -068.54855376
120 Linear Feature 9
111  63.75620066 -068.54869098 10
115  63.75623629 -068.54856175
120 Linear Feature 8
111  63.75633699 -068.54871499 10
115  63.75629906 -068.54883439
120 Linear Feature 7
111  63.75448450 -068.55062165 3 102
112  63.75485608 -068.55002333  63.75506775 -068.54957069 3 102
112  63.75536440 -068.54888348  63.75551764 -068.54850888 3 102
112  63.75566669 -068.54801468  63.75572421 -068.54781054 3 102
112  63.75571151 -068.54749705  63.75568053 -068.54735072 3 102
116  63.75557849 -068.54702718  63.75553535 -068.54689711
120 Linear Feature 6
111  63.75633703 -068.54871401 3 102
112  63.75606326 -068.54839626  63.75598204 -068.54839927 3 102
112  63.75573132 -068.54883345  63.75563013 -068.54903820 3 102
112  63.75525208 -068.54987162  63.75507261 -068.55031387 3 102
116  63.75478278 -068.55126151  63.75465552 -068.55187442
120 Linear Feature 58
111  63.75589670 -068.54801668 1
116  63.75587814 -068.54725120  63.75574522 -068.54684607
120 Linear Feature 57
111  63.75589596 -068.54801633 1
116  63.75623183 -068.54803872  63.75638208 -068.54833773
120 Linear Feature 56
111  63.75776844 -068.55192438 1
111  63.75773250 -068.55158219 1
112  63.75758525 -068.55104626  63.75746561 -068.55079650 1
111  63.75575205 -068.54697069 1
111  63.75256641 -068.53986609 1
116  63.75204629 -068.53905171  63.75178841 -068.53886963
120 Linear Feature 55
111  63.75920995 -068.56189081 1
111  63.75878935 -068.56096721 1
112  63.75861972 -068.56028260  63.75857498 -068.55992666 1
111  63.75846948 -068.55878864 1
111  63.75776847 -068.55192593 1
112  63.75780708 -068.55116591  63.75789543 -068.55081937 1
112  63.75809560 -068.55059771  63.75819223 -068.55047595 1
111  63.75910184 -068.54925516 1
112  63.75927900 -068.54916670  63.75937219 -068.54915109 1
111  63.76012743 -068.54899918 1
112  63.76034830 -068.54906162  63.76044263 -068.54914228 1
115  63.76112858 -068.54971863
120 Linear Feature 54
111  63.75799906 -068.54870135 10
111  63.75801980 -068.54870520 10
115  63.75801980 -068.54866178
120 Linear Feature 53
111  63.75635746 -068.54780738 1
111  63.75680652 -068.54676426 1
112  63.75689749 -068.54656470  63.75691321 -068.54654797 1
112  63.75699825 -068.54651438  63.75705218 -068.54651786 1
112  63.75709803 -068.54662677  63.75712577 -068.54668341 1
115  63.75801965 -068.54870520
120 Linear Feature 52
111  63.75610721 -068.54723341 1
115  63.75678348 -068.54567165
120 Linear Feature 51
111  63.75653082 -068.54506381 1
115  63.75584080 -068.54666032
120 Linear Feature 50
111  63.75552463 -068.54595106 1
115  63.75622477 -068.54432761
120 Linear Feature 49
111  63.75488531 -068.54452288 1
115  63.75551431 -068.54306630
120 Linear Feature 48
111  63.75504788 -068.54203627 1
115  63.75441715 -068.54348176
120 Linear Feature 47
111  63.75394942 -068.54245516 1
115  63.75457709 -068.54099189
120 Linear Feature 46
111  63.75558724 -068.54404534 10
111  63.75550866 -068.54339556 10
111  63.75563071 -068.54310700 10
111  63.75549310 -068.54281169 10
111  63.75536943 -068.54308352 10
111  63.75511162 -068.54293259 10
111  63.75504305 -068.54235901 10
111  63.75516151 -068.54207654 10
111  63.75502670 -068.54177043 10
111  63.75490228 -068.54205601 10
111  63.75464579 -068.54190578 10
111  63.75457278 -068.54132300 10
111  63.75469528 -068.54103546 10
111  63.75455880 -068.54073738 10
111  63.75443431 -068.54101137 10
111  63.75413812 -068.54085643 10
115  63.75387981 -068.54143903
120 Linear Feature 93
111  63.75801765 -068.54706691 24
111  63.75780452 -068.54660267 24
112  63.75779805 -068.54649603  63.75781469 -068.54645107 24
114  63.75787202 -068.54653367  63.75789329 -068.54661313 24
120 Linear Feature 99
111  63.75080174 -068.55312780 1
111  63.75074555 -068.55325242 1
111  63.75072310 -068.55320067 1
115  63.75077919 -068.55307629
120 Linear Feature 99
111  63.75093355 -068.55341565 1
111  63.75087737 -068.55354026 1
111  63.75085492 -068.55348852 1
115  63.75091100 -068.55336413
120 Linear Feature 99
111  63.75106872 -068.55371477 1
111  63.75101254 -068.55383939 1
111  63.75099009 -068.55378764 1
115  63.75104617 -068.55366325
120 Linear Feature 99
111  63.75120102 -068.55400522 1
111  63.75114483 -068.55412984 1
111  63.75112239 -068.55407809 1
115  63.75117847 -068.55395370
120 Linear Feature 99
111  63.75133350 -068.55430133 1
111  63.75127732 -068.55442595 1
111  63.75125487 -068.55437420 1
115  63.75131095 -068.55424982
120 Linear Feature 98
111  63.75117806 -068.55248314 1
112  63.75105018 -068.55249705  63.75100657 -068.55259566 1
111  63.75071060 -068.55328399 1
116  63.75071395 -068.55358156  63.75075671 -068.55373822
120 Linear Feature 98
111  63.75130988 -068.55277098 1
112  63.75118199 -068.55278490  63.75113838 -068.55288350 1
111  63.75084242 -068.55357184 1
116  63.75084576 -068.55386941  63.75088853 -068.55402607
120 Linear Feature 98
111  63.75144505 -068.55307010 1
112  63.75131716 -068.55308401  63.75127355 -068.55318262 1
111  63.75097759 -068.55387096 1
116  63.75098093 -068.55416853  63.75102370 -068.55432519
120 Linear Feature 98
111  63.75157734 -068.55336055 1
112  63.75144946 -068.55337446  63.75140585 -068.55347307 1
111  63.75110988 -068.55416141 1
116  63.75111323 -068.55445898  63.75115599 -068.55461564
120 Linear Feature 98
111  63.75170983 -068.55365665 1
112  63.75158194 -068.55367057  63.75153833 -068.55376917 1
111  63.75124237 -068.55445752 1
116  63.75124571 -068.55475509  63.75128848 -068.55491176
120 Linear Feature 97
111  63.75039806 -068.55309054 30
115  63.75096268 -068.55178342
120 Linear Feature 96
111  63.75067002 -068.55281913 1
111  63.75060751 -068.55295815 1
111  63.75058519 -068.55290741 1
115  63.75064587 -068.55277247
120 RH
111  63.75038767 -068.53905916 54
115  63.75057910 -068.53921488
120 RH
111  63.75509433 -068.54951943 54
115  63.75525043 -068.54986683
120 RH
111  63.75809140 -068.55617815 54
115  63.75830718 -068.55606688
120 RH
111  63.74863329 -068.53517228 54
115  63.74878099 -068.53549603
120 TL
111  63.75502510 -068.55263412 51
111  63.75463686 -068.55177147 51
112  63.75463870 -068.55094929  63.75480685 -068.55049822
111  63.75463870 -068.55094929
112  63.75463870 -068.55094929  63.75442065 -068.55129268 51
111  63.75427692 -068.55096829 51
115  63.75388479 -068.55010062
120 TL
111  63.76429296 -068.57322253 51
112  63.76428540 -068.57348538  63.76424572 -068.57361102 51
112  63.76418825 -068.57363756  63.76417039 -068.57363756
111  63.76418825 -068.57363756 51
111  63.76391263 -068.57364883 51
115  63.76387239 -068.57362531
120 TL
111  63.76447913 -068.57363749 51
112  63.76446808 -068.57389066  63.76442840 -068.57401629 51
112  63.76440894 -068.57404851  63.76439109 -068.57404851
111  63.76440894 -068.57404851 51
111  63.76414362 -068.57406306 51
116  63.76405372 -068.57403379  63.76403992 -068.57400425
120 Linear Feature 92
111  63.76379664 -068.57229025 1
116  63.76375882 -068.57204151  63.76373340 -068.57196102
120 TL
111  63.76371972 -068.57195649 1
111  63.76378057 -068.57208996 1
111  63.76431373 -068.57324783 1
111  63.76450853 -068.57367514 1
111  63.76466257 -068.57404170 1
112  63.76465004 -068.57431138  63.76461037 -068.57443701 1
112  63.76457004 -068.57445370  63.76455219 -068.57445370
111  63.76457004 -068.57445370 1
111  63.76432978 -068.57447606 1
112  63.76420878 -068.57437735  63.76416452 -068.57427351
111  63.76420878 -068.57437735 1
111  63.76404733 -068.57401572 1
111  63.76385029 -068.57358224 1
112  63.76379948 -068.57334981  63.76379749 -068.57321520
111  63.76379948 -068.57334981 1
115  63.76379655 -068.57229025
120 TL
111  63.75427307 -068.55101208 1
111  63.75388104 -068.55014435 1
116  63.75344664 -068.55039378  63.75327423 -068.55106804
120 TL
111  63.75338459 -068.55147632 3
115  63.75325608 -068.55139502
120 TL
111  63.75082612 -068.54329314 1
111  63.75038794 -068.54230756 1
112  63.75022093 -068.54073231  63.75029397 -068.53967104
111  63.75022093 -068.54073231 1
111  63.75055983 -068.53867332 1
112  63.75100387 -068.53844000  63.75134889 -068.53874837
111  63.75100387 -068.53844000 1
115  63.75363286 -068.53999171
120 TL
111  63.74943261 -068.54017699 1
111  63.74982696 -068.54104717 1
116  63.75021936 -068.54072997  63.75033755 -068.54010503
120 TL
111  63.75589630 -068.54801578 1
111  63.75517591 -068.54967516 1
111  63.75516389 -068.54970199 1
115  63.75463865 -068.55094966
120 TB
111  63.75811162 -068.55855694 53 102
111  63.75816907 -068.55700304 53 102
111  63.75815709 -068.55684635 53 102
111  63.75772043 -068.55255746 53 102
112  63.75734430 -068.55089599  63.75713580 -068.55046354
111  63.75734430 -068.55089599 53 102
111  63.75672089 -068.54944889 53 102
115  63.75633593 -068.54871388
120 Linear Feature 95
111  63.75168506 -068.55438598 1
116  63.75202931 -068.55437094  63.75221169 -068.55467680
120 Linear Feature 94
111  63.75306465 -068.54837203 1
111  63.75346489 -068.54926440 1
112  63.75351457 -068.54985692  63.75346744 -068.55024169 1
111  63.75309884 -068.55321410 1
112  63.75305612 -068.55335083  63.75301673 -068.55344366 1
111  63.75256578 -068.55448970 1
112  63.75244728 -068.55458798  63.75236259 -068.55459521 1
111  63.75223797 -068.55459882 1
112  63.75204943 -068.55441638  63.75196315 -068.55422129 1
111  63.75104905 -068.55218638 1
112  63.75091627 -068.55220063  63.75086501 -068.55232557 1
111  63.75058301 -068.55296784 1
112  63.75059739 -068.55332332  63.75067025 -068.55347938 1
111  63.75131442 -068.55490584 1
112  63.75147835 -068.55486033  63.75156079 -068.55466524 1
111  63.75178199 -068.55416922 1
116  63.75179563 -068.55384851  63.75175903 -068.55366209
21  63.76232616 -068.56716546 2 135.5400 3.00 16  PAPI-4L
20  63.76207820 -068.56956759 315.6000 0 4 {@B}1{@@}7
20  63.75907922 -068.56307651 315.6000 0 4 {@B}2{@@}6
20  63.75817898 -068.56093295 315.6000 0 4 {@B}3{@@}5
20  63.75621523 -068.55658697 315.6000 0 4 {@B}4{@@}4
20  63.75424847 -068.55223377 315.6000 0 4 {@B}5{@@}3
20  63.75229129 -068.54790147 315.6000 0 4 {@B}6{@@}2
20  63.75032990 -068.54356078 315.6000 0 4 {@B}7{@@}1
20  63.75073331 -068.53933891 244.1773 0 2 {@R}34-16{@L}C{@@,@Y}________
20  63.75024705 -068.53891928 246.1014 0 2 {@L}C{@R}34-16{@@,@Y}________
20  63.74788955 -068.53408483 226.3700 0 3 {@L}D{@R}34{@@,@Y}_____
20  63.74852810 -068.53491896 212.1500 0 3 {@R}34{@L}D{@@,safety}
20  63.74888481 -068.53573154 226.3700 0 3 {@R}34{@L}D{@@,safety}
20  63.75355673 -068.55161168 76.6200 0 3 {@L}E{@R}16-34{@@,@Y}__________
20  63.75532235 -068.55014861 225.6000 0 3 {@R}34-16{@L}G{@@,@Y}__________
20  63.75797930 -068.55628685 269.2200 0 3 {@R}34-16{@L}A{@@,@Y}__________
20  63.75496904 -068.54937056 225.6100 0 3 {@L}G{@R}34-16{@@,@Y}__________
20  63.75852208 -068.55695741 279.8000 0 3 {@L}A{@R}34-16{@@,@Y}__________
20  63.75513588 -068.55147884 135.6000 0 3 {@Y,^l}G
20  63.75310734 -068.54961592 315.6000 0 3 {@Y}{^l}E
20  63.75951286 -068.56128847 135.6000 0 3 {@Y}{^lu}A
20  63.75111851 -068.54268132 135.5900 0 3 {@Y}{^lu}C
20  63.75857029 -068.55892407 315.6000 0 3 {@Y}A{^rd}
20  63.74965640 -068.53943332 315.6000 0 3 {@Y}C{^rd}
20  63.75015043 -068.53736933 316.7962 0 3 {@Y,^l}C
20  63.74936964 -068.53570249 138.0400 0 3 {@Y}D{^ru}
20  63.75419403 -068.54957610 315.6000 0 3 {@Y}G{^r}
20  63.75396335 -068.55167086 135.6000 0 3 {@Y}E{^r}
14  63.75125000 -068.53659879  49.21 0 Iqaluit Tower
1300  63.75045214 -068.53563990 -73.23 tie_down jets|turboprops|props First Air Cargo 1
1301 B cargo 
1300  63.75071657 -068.53538521 -55.52 tie_down jets|turboprops|props First Air Cargo 2
1301 B cargo 
1300  63.75070606 -068.55268833 225.68 tie_down fighters Apron 4 - 1
1301 A military 
1300  63.75083835 -068.55299265 225.68 tie_down fighters Apron 4 - 2
1301 A military 
1300  63.75097295 -068.55327096 225.68 tie_down fighters Apron 4 - 3
1301 A military 
1300  63.75097295 -068.55327096 225.68 tie_down fighters Apron 4 - 4
1301 A military 
1300  63.75111560 -068.55355447 225.68 tie_down fighters Apron 4 - 5
1301 A military 
1300  63.75124789 -068.55384319 225.68 tie_down fighters Apron 4 - 6
1301 A military 
1300  63.75137443 -068.55415532 225.68 tie_down fighters Apron 4 - 7
1301 A military 
1300  63.75545444 -068.54320972  46.74 misc heavy|jets|turboprops|props Apron 1
1301 E none 
1300  63.75500284 -068.54214286  46.74 misc heavy|jets|turboprops|props Apron 2
1301 E none 
1300  63.75452589 -068.54111371  46.74 misc heavy|jets|turboprops|props Apron 3
1301 F none 
1300  63.75838674 -068.54922799 327.79 misc helos Helicopter Ramp 1
1301 B none 
1300  63.75676251 -068.54571935  45.80 gate heavy|jets|turboprops|props Terminal Gate 1
1301 C airline 
1300  63.75649815 -068.54513996  45.80 gate heavy|jets|turboprops|props Terminal Gate 2
1301 C airline 
1300  63.75618355 -068.54442646  45.80 gate heavy|jets|turboprops|props Terminal Gate 3
1301 C airline 
1300  63.75749849 -068.54831409  44.55 gate heavy|jets|turboprops|props Terminal Gate 4
1301 B airline 
1300  63.75727623 -068.54777088  44.55 gate heavy|jets|turboprops|props Terminal Gate 5
1301 B airline 
1300  63.75703051 -068.54729011  44.55 gate heavy|jets|turboprops|props Terminal Gate 6
1301 B airline 
1300  63.75679859 -068.54678748  44.55 gate heavy|jets|turboprops|props Terminal Gate 7
1301 B airline 
1300  63.75091569 -068.53716851 286.65 gate heavy|jets|turboprops|props Old Terminal Gate 1
1301 C airline 
1300  63.75105533 -068.53629756 286.65 gate jets|turboprops|props Old Terminal Gate 2
1301 B airline 
1300  63.74974489 -068.53452187 -53.96 tie_down jets|turboprops|props First AIr Cargo
1301 C cargo 
1300  63.75740533 -068.54650913 -46.31 tie_down heavy|jets|turboprops|props|helos|fighters Ken Borek Air
1301 D general_aviation 
18  63.75124615 -068.53660298 1 BCN
19  63.76457241 -068.57119202 1 WS
19  63.74859601 -068.54087785 1 WS
1050 126700 FSS
1051 122200 Iqaluit Radio
1056 134550 Montreal Center
1055 134550 Montreal Center
1200 
1201  63.75439932 -068.53995649 both 0 4_stop
1201  63.75256971 -068.53828487 both 1 4_stop
1201  63.75123136 -068.53745452 both 2 4_stop
1201  63.75116042 -068.53734831 both 3 4_stop
1201  63.75041961 -068.53572275 both 4 4_stop
1201  63.74999495 -068.53482729 both 5 3_stop
1201  63.74983586 -068.53410188 both 6 3_stop
1201  63.74972721 -068.53384901 both 7 3_stop
1201  63.74909597 -068.53318764 both 8 3_stop
1201  63.74902567 -068.53307747 both 9 3_stop
1201  63.74893540 -068.53309192 both 10 3_stop
1201  63.74884432 -068.53324905 both 11 3_stop
1201  63.74884592 -068.53352720 both 12 3_stop
1201  63.74892421 -068.53368976 both 13 3_stop
1201  63.74910755 -068.53373989 both 14 3_stop
1201  63.74941209 -068.53388894 both 15 3_stop
1201  63.74972940 -068.53431095 both 16 3_stop
1201  63.75115483 -068.53745327 both 17 3_stop
1201  63.75031016 -068.53558728 both 18 3_stop
1201  63.75121128 -068.53752508 both 19 3_stop
1201  63.75255685 -068.53836445 both 20 3_stop
1201  63.75438253 -068.54003678 both 21 3_stop
1201  63.75775275 -068.54652434 both 22 2_stop
1201  63.75801734 -068.54712792 both 23 2_stop
1201  63.75813899 -068.54755533 both 24 2_stop
1201  63.75815563 -068.54769083 both 25 2_stop
1201  63.75813300 -068.54781881 both 26 2_stop
1201  63.75756001 -068.54915579 both 27 2_stop
1201  63.75749769 -068.54921433 both 28 2_stop
1201  63.75741141 -068.54914061 both 29 2_stop
1201  63.75547652 -068.54448858 both 30 2_stop
1201  63.75618000 -068.54286795 both 31 2_stop
1201  63.75665851 -068.54393660 both 32 2_start
1201  63.75618796 -068.54272784 both 33 1_stop
1201  63.75544960 -068.54444128 both 34 1_stop
1201  63.75589559 -068.54340530 both 35 1_stop
1201  63.75592413 -068.54334062 both 36 1_stop
1201  63.75541701 -068.54462989 both 37 1_stop
1201  63.75546207 -068.54491389 both 38 1_stop
1201  63.75548451 -068.54484989 both 39 1_stop
1201  63.75545175 -068.54468007 both 40 1_stop
1201  63.75739183 -068.54920743 both 41 1_stop
1201  63.75748850 -068.54930499 both 42 1_stop
1201  63.75758197 -068.54920924 both 43 1_stop
1201  63.75816619 -068.54787552 both 44 1_stop
1201  63.75819255 -068.54772917 both 45 1_stop
1201  63.75818136 -068.54755573 both 46 1_stop
1201  63.75785302 -068.54641388 both 47 1_start
1201  63.75105345 -068.55219166 both 48 4_stop
1201  63.75203205 -068.55437046 both 49 4_stop
1201  63.75213410 -068.55455615 both 50 4_stop
1201  63.75237282 -068.55459136 both 51 4_stop
1201  63.75247504 -068.55458876 both 52 4_stop
1201  63.75255852 -068.55450929 both 53 4_stop
1201  63.75304916 -068.55336945 both 54 4_stop
1201  63.75308942 -068.55325945 both 55 4_stop
1201  63.75310772 -068.55312345 both 56 4_stop
1201  63.74886504 -068.53499419 both 57 1_stop
1201  63.74899117 -068.53480955 both 58 1_stop
1201  63.74922778 -068.53478759 both 59 1_stop
1201  63.74945013 -068.53509346 both 60 1_stop
1201  63.75054807 -068.53750382 both 61 1_stop
1201  63.75204956 -068.53905221 both 62 1_stop
1201  63.75069146 -068.53818730 both 63 unnamed entity(split)
1201  63.75256950 -068.53988414 both 64 1_stop
1201  63.75334821 -068.54159206 both 65 1_stop
1201  63.75418738 -068.54348378 both 66 1_stop
1201  63.75651999 -068.54868982 both 67 1_stop
1201  63.75606219 -068.54766779 both 68 unnamed entity(split)
1201  63.75686891 -068.54946055 both 69 1_stop
1201  63.75740924 -068.55066925 both 70 1_stop
1201  63.75751588 -068.55090340 both 71 1_stop
1201  63.75765652 -068.55121087 both 72 1_stop
1201  63.75771481 -068.55142849 both 73 1_stop
1201  63.75776721 -068.55190289 both 74 1_stop
1201  63.75330880 -068.55150543 both 75 17-35_7_start
1201  63.76465065 -068.57432046 both 76 17-35_6_stop
1201  63.76467348 -068.57418910 both 77 unnamed entity(split)
1201  63.76456960 -068.57445523 both 78 17-35_6_stop
1201  63.76460479 -068.57442517 both 79 unnamed entity(split)
1201  63.76431856 -068.57448550 both 80 17-35_6_stop
1201  63.76420840 -068.57437992 both 81 17-35_6_stop
1201  63.76425706 -068.57445010 both 82 unnamed entity(split)
1201  63.76386560 -068.57361331 both 83 17-35_6_stop
1201  63.76379664 -068.57318049 both 84 17-35_6_stop
1201  63.76380484 -068.57339285 both 85 unnamed entity(split)
1201  63.75838793 -068.55870661 both 86 17-35_5_stop
1201  63.75827454 -068.55910836 both 87 17-35_5_stop
1201  63.75810078 -068.55923296 both 88 17-35_5_stop
1201  63.75875967 -068.56092163 both 89 17-35_4_stop
1201  63.75842195 -068.55834755 both 90 17-35_4_stop
1201  63.75819373 -068.55609648 both 91 17-35_4_start
1201  63.75516132 -068.54970650 both 92 17-35_3_start
1201  63.75048181 -068.53912461 both 93 17-35_2_start
1201  63.74811524 -068.53721218 both 94 17-35_1_stop
1201  63.74808821 -068.53694642 both 95 17-35_1_stop
1201  63.74810390 -068.53673598 both 96 17-35_1_stop
1201  63.74817066 -068.53652565 both 97 17-35_1_stop
1201  63.74870954 -068.53533578 both 98 17-35_1_start
1201  63.74816719 -068.53745401 both 99 17-35_start
1201  63.75007409 -068.54166914 both 100 unnamed entity(split)
1201  63.75356501 -068.54945314 both 101 unnamed entity(split)
1201  63.75442889 -068.55132760 both 102 unnamed entity(split)
1201  63.75790148 -068.55904859 both 103 unnamed entity(split)
1201  63.76379694 -068.57207101 both 104 unnamed entity(split)
1201  63.76466544 -068.57398427 both 105 unnamed entity(split)
1202 100 99 twoway runway 16/34
1204 departure 16,34
1204 arrival 16,34
1204 ils 16,34
1202 101 100 twoway runway 16/34
1204 departure 16,34
1204 arrival 16,34
1204 ils 16,34
1202 102 101 twoway runway 16/34
1204 departure 16,34
1204 arrival 16,34
1204 ils 16,34
1202 103 102 twoway runway 16/34
1204 departure 16,34
1204 arrival 16,34
1204 ils 16,34
1202 89 103 twoway runway 16/34
1204 departure 16,34
1204 arrival 16,34
1204 ils 16,34
1202 105 104 twoway runway 16/34
1204 departure 16,34
1204 arrival 16,34
1204 ils 16,34
1202 104 89 twoway runway 16/34
1204 departure 16,34
1204 arrival 16,34
1204 ils 16,34
1202 49 48 twoway taxiway_C 4
1202 50 49 twoway taxiway_C 4
1202 51 50 twoway taxiway_C 4
1202 52 51 twoway taxiway_C 4
1202 53 52 twoway taxiway_C 4
1202 54 53 twoway taxiway_C 4
1202 55 54 twoway taxiway_C 4
1204 departure 16,34
1204 arrival 16,34
1202 56 55 twoway taxiway_C 4
1204 departure 16,34
1204 arrival 16,34
1202 75 56 twoway taxiway_C 4
1204 departure 16,34
1204 arrival 16,34
1202 93 63 twoway taxiway_C 3
1202 92 68 twoway taxiway_C 2
1202 57 98 twoway taxiway_D 1
1202 58 57 twoway taxiway_D 1
1202 59 58 twoway taxiway_D 1
1202 60 59 twoway taxiway_D 1
1202 61 60 twoway taxiway_D 1
1202 62 63 twoway taxiway_D 1
1202 63 61 twoway taxiway_D 1
1202 64 62 twoway taxiway_D 1
1202 65 64 twoway taxiway_D 1
1202 66 65 twoway taxiway_D 1
1202 67 68 twoway taxiway_D 1
1202 68 66 twoway taxiway_D 1
1202 69 67 twoway taxiway_D 1
1202 70 69 twoway taxiway_D 1
1202 71 70 twoway taxiway_D 1
1202 72 71 twoway taxiway_D 1
1202 73 72 twoway taxiway_D 1
1202 74 73 twoway taxiway_D 1
1202 91 74 twoway taxiway_D 1
1202 75 101 twoway taxiway_C 17-35_7
1204 departure 16,34
1204 arrival 16,34
1202 76 77 oneway taxiway_C 17-35_6
1204 departure 16,34
1204 arrival 16,34
1202 77 105 oneway taxiway_C 17-35_6
1204 departure 16,34
1204 arrival 16,34
1202 78 79 oneway taxiway_D 17-35_6
1204 departure 16,34
1204 arrival 16,34
1202 79 76 oneway taxiway_D 17-35_6
1204 departure 16,34
1204 arrival 16,34
1202 80 78 oneway taxiway_D 17-35_6
1204 departure 16,34
1204 arrival 16,34
1202 81 82 oneway taxiway_D 17-35_6
1204 departure 16,34
1204 arrival 16,34
1202 82 80 oneway taxiway_D 17-35_6
1204 departure 16,34
1204 arrival 16,34
1202 83 81 oneway taxiway_D 17-35_6
1204 departure 16,34
1204 arrival 16,34
1202 84 85 oneway taxiway_D 17-35_6
1204 departure 16,34
1204 arrival 16,34
1202 85 83 oneway taxiway_D 17-35_6
1204 departure 16,34
1204 arrival 16,34
1202 104 84 oneway taxiway_D 17-35_6
1204 departure 16,34
1204 arrival 16,34
1202 86 90 twoway taxiway_D 17-35_5
1204 departure 16,34
1204 arrival 16,34
1204 ils 16,34
1202 87 86 twoway taxiway_D 17-35_5
1204 departure 16,34
1204 arrival 16,34
1204 ils 16,34
1202 88 87 twoway taxiway_D 17-35_5
1204 departure 16,34
1204 arrival 16,34
1204 ils 16,34
1202 103 88 twoway taxiway_D 17-35_5
1204 departure 16,34
1204 arrival 16,34
1204 ils 16,34
1202 90 89 twoway taxiway_D 17-35_4
1204 departure 16,34
1204 arrival 16,34
1204 ils 16,34
1202 91 90 twoway taxiway_D 17-35_4
1204 departure 16,34
1204 arrival 16,34
1204 ils 16,34
1202 92 102 twoway taxiway_D 17-35_3
1204 departure 16,34
1204 arrival 16,34
1202 93 100 twoway taxiway_D 17-35_2
1204 departure 16,34
1204 arrival 16,34
1202 94 99 twoway taxiway_C 17-35_1
1204 departure 16,34
1204 arrival 16,34
1202 95 94 twoway taxiway_D 17-35_1
1204 departure 16,34
1204 arrival 16,34
1202 96 95 twoway taxiway_D 17-35_1
1204 departure 16,34
1204 arrival 16,34
1202 97 96 twoway taxiway_D 17-35_1
1204 departure 16,34
1204 arrival 16,34
1202 98 97 twoway taxiway_D 17-35_1
1204 departure 16,34
1204 arrival 16,34
1206 0 36 oneway  4
1206 1 0 oneway  4
1206 2 1 oneway  4
1206 3 2 oneway  4
1206 4 3 oneway  4
1206 18 4 oneway  4
1206 6 5 oneway  3
1206 7 6 oneway  3
1206 8 7 oneway  3
1206 9 8 oneway  3
1206 10 9 oneway  3
1206 11 10 oneway  3
1206 12 11 oneway  3
1206 13 12 oneway  3
1206 14 13 oneway  3
1206 15 14 oneway  3
1206 16 15 oneway  3
1206 17 18 oneway  3
1206 18 16 twoway  3
1206 19 17 oneway  3
1206 20 19 oneway  3
1206 21 20 oneway  3
1206 35 21 oneway  3
1206 23 22 oneway  2
1206 24 23 oneway  2
1206 25 24 oneway  2
1206 26 25 oneway  2
1206 27 26 oneway  2
1206 28 27 oneway  2
1206 29 28 oneway  2
1206 39 29 oneway  2
1206 40 39 oneway  2
1206 30 40 oneway  2
1206 31 30 oneway  2
1206 32 31 oneway  2
1206 34 35 oneway  1
1206 35 36 oneway  1
1206 36 33 oneway  1
1206 37 34 oneway  1
1206 38 39 oneway  1
1206 39 40 oneway  1
1206 40 37 oneway  1
1206 41 38 oneway  1
1206 42 41 oneway  1
1206 43 42 oneway  1
1206 44 43 oneway  1
1206 45 44 oneway  1
1206 46 45 oneway  1
1206 47 46 oneway  1
1400  63.75116740 -68.53707235  166.40 pushback 0 New Service Truck 23
1400  63.75125096 -68.53491458  203.94 gpu 0 New Service Truck 26
1400  63.74998531 -68.53437582  33.69 gpu 0 New Service Truck 25
1400  63.75000507 -68.53445953  24.94 gpu 0 New Service Truck 24
1400  63.75130213 -68.53506530  207.76 fuel_props 0 New Service Truck 30
1400  63.75139376 -68.53547634  172.09 fuel_liners 0 New Service Truck 29
1400  63.75138724 -68.53559170  170.54 fuel_liners 0 New Service Truck 28
1400  63.75132064 -68.53512801  209.36 fuel_jets 0 New Service Truck 27
1400  63.75133597 -68.53528706  184.09 baggage_train 3 New Service Truck 255
1400  63.75133155 -68.53535049  183.37 baggage_train 3 New Service Truck 254
1400  63.75136512 -68.53579954  169.51 baggage_loader 0 New Service Truck 253
1400  63.75135068 -68.53587209  169.70 baggage_loader 0 New Service Truck 252
1400  63.75622719 -68.54379881  225.00 gpu 0 New Service Truck 8
1400  63.75621841 -68.54369402  225.00 food 0 New Service Truck 7
1400  63.75617846 -68.54365428  223.05 baggage_train 4 New Service Truck 6
1400  63.75634303 -68.54405896  224.53 crew_car 0 New Service Truck 5
1400  63.75642251 -68.54424914  227.91 food 0 New Service Truck 4
1400  63.75645415 -68.54432068  228.15 fuel_liners 0 New Service Truck 3
99
